16
10 10
1 10
1 2
1 3
1 4
1 5
10 2
10 3
10 4
10 6
5 6
2 1
1 2
5 7
1 2
1 3
2 3
2 4
1 4
5 4
5 2
100 1
1 100
10 10
4 3
1 10
6 2
8 1
10 4
5 6
5 9
3 10
5 10
9 1
10 45
7 9
2 4
2 9
9 1
1 5
4 3
1 2
3 9
10 1
9 6
7 6
10 6
5 7
6 5
7 10
1 6
3 5
5 4
1 7
9 10
10 2
5 8
2 8
9 5
3 8
1 8
2 6
5 10
3 10
7 4
6 3
5 2
8 6
8 9
2 7
1 3
4 10
8 4
4 1
3 7
8 10
6 4
2 3
8 7
9 4
50 50
17 13
24 4
46 23
5 47
21 34
33 46
50 13
10 26
46 27
20 15
12 5
9 38
37 40
37 31
13 36
37 8
34 32
50 41
24 37
24 36
12 13
35 37
9 30
13 40
12 23
9 11
43 26
7 6
12 22
2 4
1 28
39 38
49 22
45 3
22 16
14 29
33 42
37 19
29 23
2 26
16 17
3 39
43 33
23 30
43 15
38 35
28 12
35 25
42 38
5 38
50 200
15 34
20 33
12 47
37 23
33 9
50 11
39 46
31 22
30 22
43 12
21 15
39 4
15 9
31 28
34 16
44 40
34 11
46 49
17 46
19 37
2 34
3 19
35 33
46 18
49 44
5 24
26 23
21 48
35 13
46 4
4 29
41 26
42 2
40 37
7 49
13 34
30 10
17 43
12 22
7 10
18 39
26 24
6 34
29 28
26 14
30 17
14 17
17 34
21 14
25 18
43 26
16 36
9 7
45 30
20 19
35 24
27 18
31 23
6 12
22 13
50 19
8 35
24 36
48 23
35 7
18 23
26 44
36 39
19 34
39 24
18 13
49 18
17 23
45 13
38 26
27 43
1 11
35 36
16 14
49 8
46 31
17 42
9 8
48 41
47 42
26 3
45 6
2 23
2 5
6 25
46 22
3 9
19 5
37 36
4 38
37 38
30 18
8 38
43 46
18 37
42 18
29 18
42 23
33 10
5 34
31 14
45 40
18 10
39 1
14 8
48 9
44 16
9 19
21 30
10 17
7 46
21 7
3 22
12 35
2 35
47 15
9 4
14 32
48 40
47 31
17 36
32 31
45 7
16 23
3 49
40 15
50 28
34 47
50 20
26 19
3 29
2 6
39 7
16 19
23 44
28 26
1 40
2 24
28 40
3 50
22 1
32 1
30 40
42 15
30 46
3 15
5 18
25 36
39 34
18 3
12 42
11 7
20 49
24 9
25 45
50 8
24 31
37 49
41 31
40 43
43 24
44 48
1 26
48 5
28 9
33 48
26 25
23 9
16 25
27 10
1 46
19 13
5 6
35 29
25 49
1 3
44 22
7 24
40 27
28 27
3 27
6 28
25 1
50 4
34 22
2 37
37 12
18 9
8 19
44 19
7 33
25 42
1 24
1 16
19 11
100 50
42 87
74 86
58 79
63 1
55 21
19 78
25 57
99 46
96 43
50 38
30 70
2 96
17 44
14 60
75 11
23 22
9 90
54 3
52 5
83 49
41 35
20 67
63 74
71 97
54 69
55 9
15 63
63 16
73 61
6 43
71 16
12 67
4 92
77 75
89 14
63 100
66 91
38 45
77 54
76 63
49 5
79 70
19 94
64 22
84 26
22 39
75 59
5 71
1 78
65 58
100 200
37 29
3 41
7 95
26 95
31 99
23 33
33 36
99 40
90 91
25 90
47 72
31 4
92 18
4 35
6 80
43 78
37 99
92 43
3 37
42 70
32 54
71 78
74 66
2 65
63 51
50 13
78 72
73 61
71 42
93 31
8 74
73 74
26 65
32 71
35 83
92 49
8 85
5 62
40 68
64 12
16 34
31 51
10 41
45 62
44 61
90 57
73 96
16 37
74 31
70 81
55 100
2 76
40 9
88 12
99 24
8 93
59 40
36 77
46 99
24 76
34 22
71 63
77 7
89 97
4 28
22 47
61 12
52 76
65 95
23 47
72 93
18 34
89 71
90 35
3 11
28 87
12 2
84 15
60 48
77 4
10 60
11 48
46 44
33 41
75 72
24 48
8 20
34 75
37 6
99 70
73 20
86 52
86 88
51 5
52 54
60 2
38 80
92 33
97 41
69 99
26 19
70 33
14 69
15 75
11 41
94 65
99 2
33 85
22 42
13 16
82 69
55 32
54 64
50 33
81 23
67 86
90 97
72 36
77 27
73 35
97 39
84 88
36 8
17 86
29 27
14 25
77 54
33 69
61 89
91 53
81 24
17 44
53 35
25 60
65 97
14 18
33 80
88 21
60 61
86 31
73 78
36 87
49 84
74 78
20 37
51 38
17 8
73 9
52 78
63 50
42 32
89 7
91 43
69 36
82 47
21 61
12 24
66 51
34 97
16 58
44 72
99 29
79 59
12 54
7 12
97 63
53 85
26 28
23 51
31 36
14 20
13 81
31 23
47 59
97 13
55 69
58 51
43 32
18 45
57 72
94 50
71 11
70 69
4 83
13 55
71 34
23 70
63 100
80 13
91 48
30 72
37 52
90 7
59 57
34 66
63 61
70 63
43 70
100 74
69 31
10 16
1 2
2 10
1 3
3 10
1 4
4 10
1 5
5 10
1 6
6 10
1 7
7 10
1 8
8 10
1 9
9 10
10 16
2 1
10 2
3 1
10 3
4 1
10 4
5 1
10 5
6 1
10 6
7 1
10 7
8 1
10 8
9 1
10 9
100 196
1 2
2 100
1 3
3 100
1 4
4 100
1 5
5 100
1 6
6 100
1 7
7 100
1 8
8 100
1 9
9 100
1 10
10 100
1 11
11 100
1 12
12 100
1 13
13 100
1 14
14 100
1 15
15 100
1 16
16 100
1 17
17 100
1 18
18 100
1 19
19 100
1 20
20 100
1 21
21 100
1 22
22 100
1 23
23 100
1 24
24 100
1 25
25 100
1 26
26 100
1 27
27 100
1 28
28 100
1 29
29 100
1 30
30 100
1 31
31 100
1 32
32 100
1 33
33 100
1 34
34 100
1 35
35 100
1 36
36 100
1 37
37 100
1 38
38 100
1 39
39 100
1 40
40 100
1 41
41 100
1 42
42 100
1 43
43 100
1 44
44 100
1 45
45 100
1 46
46 100
1 47
47 100
1 48
48 100
1 49
49 100
1 50
50 100
1 51
51 100
1 52
52 100
1 53
53 100
1 54
54 100
1 55
55 100
1 56
56 100
1 57
57 100
1 58
58 100
1 59
59 100
1 60
60 100
1 61
61 100
1 62
62 100
1 63
63 100
1 64
64 100
1 65
65 100
1 66
66 100
1 67
67 100
1 68
68 100
1 69
69 100
1 70
70 100
1 71
71 100
1 72
72 100
1 73
73 100
1 74
74 100
1 75
75 100
1 76
76 100
1 77
77 100
1 78
78 100
1 79
79 100
1 80
80 100
1 81
81 100
1 82
82 100
1 83
83 100
1 84
84 100
1 85
85 100
1 86
86 100
1 87
87 100
1 88
88 100
1 89
89 100
1 90
90 100
1 91
91 100
1 92
92 100
1 93
93 100
1 94
94 100
1 95
95 100
1 96
96 100
1 97
97 100
1 98
98 100
1 99
99 100
100 196
2 1
100 2
3 1
100 3
4 1
100 4
5 1
100 5
6 1
100 6
7 1
100 7
8 1
100 8
9 1
100 9
10 1
100 10
11 1
100 11
12 1
100 12
13 1
100 13
14 1
100 14
15 1
100 15
16 1
100 16
17 1
100 17
18 1
100 18
19 1
100 19
20 1
100 20
21 1
100 21
22 1
100 22
23 1
100 23
24 1
100 24
25 1
100 25
26 1
100 26
27 1
100 27
28 1
100 28
29 1
100 29
30 1
100 30
31 1
100 31
32 1
100 32
33 1
100 33
34 1
100 34
35 1
100 35
36 1
100 36
37 1
100 37
38 1
100 38
39 1
100 39
40 1
100 40
41 1
100 41
42 1
100 42
43 1
100 43
44 1
100 44
45 1
100 45
46 1
100 46
47 1
100 47
48 1
100 48
49 1
100 49
50 1
100 50
51 1
100 51
52 1
100 52
53 1
100 53
54 1
100 54
55 1
100 55
56 1
100 56
57 1
100 57
58 1
100 58
59 1
100 59
60 1
100 60
61 1
100 61
62 1
100 62
63 1
100 63
64 1
100 64
65 1
100 65
66 1
100 66
67 1
100 67
68 1
100 68
69 1
100 69
70 1
100 70
71 1
100 71
72 1
100 72
73 1
100 73
74 1
100 74
75 1
100 75
76 1
100 76
77 1
100 77
78 1
100 78
79 1
100 79
80 1
100 80
81 1
100 81
82 1
100 82
83 1
100 83
84 1
100 84
85 1
100 85
86 1
100 86
87 1
100 87
88 1
100 88
89 1
100 89
90 1
100 90
91 1
100 91
92 1
100 92
93 1
100 93
94 1
100 94
95 1
100 95
96 1
100 96
97 1
100 97
98 1
100 98
99 1
100 99
10 9
1 2
2 3
3 4
4 5
5 6
6 7
7 8
8 9
9 10
100 99
1 2
2 3
3 4
4 5
5 6
6 7
7 8
8 9
9 10
10 11
11 12
12 13
13 14
14 15
15 16
16 17
17 18
18 19
19 20
20 21
21 22
22 23
23 24
24 25
25 26
26 27
27 28
28 29
29 30
30 31
31 32
32 33
33 34
34 35
35 36
36 37
37 38
38 39
39 40
40 41
41 42
42 43
43 44
44 45
45 46
46 47
47 48
48 49
49 50
50 51
51 52
52 53
53 54
54 55
55 56
56 57
57 58
58 59
59 60
60 61
61 62
62 63
63 64
64 65
65 66
66 67
67 68
68 69
69 70
70 71
71 72
72 73
73 74
74 75
75 76
76 77
77 78
78 79
79 80
80 81
81 82
82 83
83 84
84 85
85 86
86 87
87 88
88 89
89 90
90 91
91 92
92 93
93 94
94 95
95 96
96 97
97 98
98 99
99 100
