99
3
50 10 10
4
2 0 2 2
3
5 100 5
1
1
1
0
2
0 0
9
0 0 0 0 0 0 0 0 0
1
100
2
100 100
9
100 100 100 100 100 100 100 100 100
9
1 1 1 1 1 1 1 1 1
9
2 2 2 2 2 2 2 2 2
9
3 3 3 3 3 3 3 3 3
9
4 4 4 4 4 4 4 4 4
9
5 5 5 5 5 5 5 5 5
9
6 6 6 6 6 6 6 6 6
9
7 7 7 7 7 7 7 7 7
9
8 8 8 8 8 8 8 8 8
9
9 9 9 9 9 9 9 9 9
9
10 10 10 10 10 10 10 10 10
9
100 0 100 0 100 0 100 0 100
9
100 100 100 100 100 0 100 100 100
9
1 99 1 99 1 99 1 99 1
9
1 1 1 1 1 1 1 1 99
9
1 1 1 1 1 1 1 1 98
2
32 54
8
25 58 20 51 38 65 30 7
2
10 51
4
57 70 65 0
1
100
9
25 89 29 19 18 6 28 26 7
8
39 16 10 69 8 35 23 3
8
55 33 55 0 76 5 5 3
5
3 53 58 36 34
4
79 10 57 6
5
69 54 29 61 49
9
39 12 68 41 28 31 0 14 45
6
43 12 58 17 53 26
9
2 14 25 47 7 72 10 83 14
5
18 96 25 65 42
2
93 16
2
70 15
6
73 67 69 30 3 23
5
42 0 44 57 86
7
43 11 35 89 39 24 0
7
55 39 31 22 49 13 51
3
59 94 44
6
28 79 27 37 48 16
9
41 32 23 63 16 56 5 26 23
9
62 26 89 80 45 52 71 6 58
4
46 14 12 53
3
36 82 28
2
87 21
1
17
7
48 26 49 62 53 9 36
9
30 7 8 83 23 0 38 4 45
1
61
4
1 14 81 92
2
44 89
9
69 74 83 36 52 45 75 8 85
4
30 82 74 34
3
89 55 38
9
22 0 66 56 16 58 65 4 15
1
49
9
24 58 28 23 81 11 59 2 9
5
55 55 1 76 77
5
77 2 42 11 65
7
36 30 13 83 16 35 65
2
67 14
1
100
6
37 40 2 42 1 56
1
59
5
14 79 14 59 25
2
29 81
1
84
1
24
7
63 31 36 3 33 44 71
7
65 13 50 12 57 33 55
7
50 54 27 6 14 68 25
3
94 95 68
6
55 24 39 15 45 4
3
36 19 21
2
39 87
6
36 54 75 20 67 24
9
46 33 30 30 71 18 39 37 2
5
2 57 52 13 22
5
60 82 71 29 10
3
3 79 22
7
18 56 27 48 33 33 17
3
88 96 86
9
11 45 14 4 10 13 47 69 52
4
15 53 84 36
4
37 78 40 75
3
16 95 22
2
5 36
8
15 15 10 50 34 77 16 61
5
78 18 8 18 71
6
32 38 28 75 81 9
7
59 39 31 17 43 19 66
